nodes 213
rects 1040
n 6 FEASIBLE obj 76.0 bound 48.0
[(0, 1)] x [(2, 3), (2, 4), (2, 5), (3, 4), (3, 5), (4, 5)]
[(0, 2)] x [(1, 3), (1, 4), (1, 5), (3, 4), (3, 5), (4, 5)]
[(0, 3)] x [(1, 4), (1, 5), (4, 5)]
[(0, 3)] x [(2, 4), (2, 5)]
[(0, 4)] x [(2, 3)]
[(0, 4)] x [(1, 3), (3, 5)]
[(0, 5)] x [(1, 3)]
[(0, 5)] x [(2, 3), (2, 4), (3, 4)]
[(1, 2)] x [(0, 3), (0, 4), (0, 5), (3, 4), (3, 5), (4, 5)]
[(1, 3)] x [(0, 5)]
[(1, 3)] x [(2, 4), (2, 5), (4, 5)]
[(1, 4)] x [(2, 5)]
[(1, 4)] x [(0, 3), (0, 5), (3, 5)]
[(1, 5)] x [(0, 3)]
[(1, 5)] x [(2, 3), (2, 4), (3, 4)]
[(2, 3)] x [(0, 4)]
[(2, 3)] x [(1, 4), (1, 5), (4, 5)]
[(2, 4)] x [(1, 5)]
[(2, 4)] x [(0, 5), (3, 5)]
[(2, 5)] x [(1, 4)]
[(2, 5)] x [(0, 4), (3, 4)]
[(3, 5)] x [(2, 4)]
[(1, 3), (1, 5), (3, 5)] x [(0, 4)]
[(2, 4), (2, 5), (4, 5)] x [(0, 3)]
[(2, 4), (2, 5), (4, 5)] x [(1, 3)]
[(0, 3), (0, 4), (0, 5), (3, 4), (3, 5), (4, 5)] x [(1, 2)]
[(1, 3), (1, 4), (1, 5), (3, 4), (3, 5), (4, 5)] x [(0, 2)]
[(2, 3), (2, 4), (2, 5), (3, 4), (3, 5), (4, 5)] x [(0, 1)]
[(2, 3), (3, 4)] x [(0, 5)]
[(0, 4), (3, 4)] x [(1, 5)]
[(0, 4), (3, 4)] x [(2, 5)]
[(1, 4), (4, 5)] x [(2, 3)]
[(0, 5), (3, 5)] x [(1, 4)]
