nodes 519
rects 6832
n 7 FEASIBLE obj 134.0 bound 57.0
[(0, 1)] x [(2, 3), (2, 4), (2, 5), (2, 6)]
[(0, 2)] x [(1, 3), (1, 4), (1, 5), (1, 6), (3, 4), (3, 5), (3, 6), (4, 5), (4, 6), (5, 6)]
[(0, 3)] x [(1, 5)]
[(0, 3)] x [(2, 5)]
[(0, 3)] x [(4, 5)]
[(0, 3)] x [(5, 6)]
[(0, 4)] x [(1, 3), (1, 5), (3, 5)]
[(0, 4)] x [(2, 3), (2, 5)]
[(0, 4)] x [(3, 6), (5, 6)]
[(0, 5)] x [(1, 3)]
[(0, 5)] x [(2, 3)]
[(0, 5)] x [(3, 4)]
[(0, 5)] x [(3, 6)]
[(0, 6)] x [(1, 3), (1, 4), (1, 5), (3, 4), (3, 5), (4, 5)]
[(0, 6)] x [(2, 3), (2, 4), (2, 5)]
[(1, 2)] x [(0, 6)]
[(1, 2)] x [(0, 3), (0, 4), (0, 5)]
[(1, 3)] x [(0, 5)]
[(1, 3)] x [(2, 5)]
[(1, 3)] x [(4, 5)]
[(1, 3)] x [(5, 6)]
[(1, 4)] x [(3, 5)]
[(1, 4)] x [(0, 3), (0, 5)]
[(1, 4)] x [(2, 3), (2, 5)]
[(1, 4)] x [(3, 6), (5, 6)]
[(1, 5)] x [(0, 3)]
[(1, 5)] x [(2, 3)]
[(1, 5)] x [(3, 4)]
[(1, 5)] x [(3, 6)]
[(1, 6)] x [(0, 2)]
[(1, 6)] x [(0, 3), (0, 4), (0, 5)]
[(1, 6)] x [(2, 3), (2, 4), (2, 5)]
[(2, 3)] x [(0, 5)]
[(2, 3)] x [(1, 5)]
[(2, 3)] x [(4, 5)]
[(2, 3)] x [(5, 6)]
[(2, 4)] x [(1, 3), (1, 5), (3, 5)]
[(2, 4)] x [(0, 3), (0, 5)]
[(2, 4)] x [(3, 6), (5, 6)]
[(2, 5)] x [(0, 3)]
[(2, 5)] x [(1, 3)]
[(2, 5)] x [(3, 4)]
[(2, 5)] x [(3, 6)]
[(2, 6)] x [(1, 3), (1, 4), (1, 5), (3, 4), (3, 5), (4, 5)]
[(2, 6)] x [(0, 3), (0, 4), (0, 5)]
[(3, 4)] x [(0, 5)]
[(3, 4)] x [(1, 5)]
[(3, 4)] x [(2, 5)]
[(3, 4)] x [(5, 6)]
[(3, 5)] x [(0, 4)]
[(3, 5)] x [(0, 1), (0, 2), (0, 6)]
[(3, 6)] x [(0, 5)]
[(3, 6)] x [(1, 5)]
[(3, 6)] x [(2, 5)]
[(3, 6)] x [(4, 5)]
[(4, 5)] x [(0, 3)]
[(4, 5)] x [(1, 3)]
[(4, 5)] x [(2, 3)]
[(4, 5)] x [(3, 6)]
[(4, 6)] x [(1, 3), (1, 5), (3, 5)]
[(4, 6)] x [(0, 3), (0, 5)]
[(4, 6)] x [(2, 3), (2, 5)]
[(5, 6)] x [(0, 3)]
[(5, 6)] x [(1, 3)]
[(5, 6)] x [(2, 3)]
[(5, 6)] x [(3, 4)]
[(0, 3), (0, 5), (3, 5)] x [(1, 4)]
[(0, 3), (0, 5), (3, 5)] x [(2, 4)]
[(0, 3), (0, 5), (3, 5)] x [(4, 6)]
[(0, 3), (0, 4), (0, 5), (3, 4), (3, 5), (4, 5)] x [(1, 6)]
[(0, 3), (0, 4), (0, 5), (3, 4), (3, 5), (4, 5)] x [(2, 6)]
[(0, 3), (0, 4), (0, 5), (0, 6), (3, 4), (3, 5), (3, 6), (4, 5), (4, 6), (5, 6)] x [(1, 2)]
[(0, 1), (1, 2)] x [(3, 6), (4, 6), (5, 6)]
[(1, 3), (1, 5)] x [(0, 4)]
[(1, 3), (1, 5)] x [(2, 4)]
[(1, 3), (1, 5)] x [(4, 6)]
[(0, 1), (1, 2), (1, 6)] x [(3, 5)]
[(0, 1), (1, 2), (1, 6)] x [(3, 4), (4, 5)]
[(1, 3), (1, 4), (1, 5)] x [(2, 6)]
[(1, 3), (1, 4), (1, 5)] x [(0, 2), (0, 6)]
[(2, 3), (2, 5)] x [(0, 4)]
[(2, 3), (2, 5)] x [(1, 4)]
[(2, 3), (2, 5)] x [(4, 6)]
[(2, 3), (2, 4), (2, 5)] x [(0, 6)]
[(2, 3), (2, 4), (2, 5)] x [(1, 6)]
[(2, 3), (2, 4), (2, 5), (2, 6)] x [(0, 1)]
[(3, 4), (4, 5)] x [(0, 1), (0, 2), (0, 6)]
[(3, 6), (5, 6)] x [(0, 4)]
[(3, 6), (5, 6)] x [(1, 4)]
[(3, 6), (5, 6)] x [(2, 4)]
[(3, 6), (4, 6), (5, 6)] x [(0, 1)]
[(3, 6), (4, 6), (5, 6)] x [(0, 2)]
